=== Run information ===

Scheme:weka.clusterers.SimpleKMeans -N 19 -A "weka.core.EuclideanDistance -R first-last" -I 500 -S 10
Relation:     weather
Instances:    6839
Attributes:   126
[list of attributes omitted]
Test mode:Classes to clusters evaluation on training data
=== Model and evaluation on training set ===


kMeans
======

Number of iterations: 43
Within cluster sum of squared errors: 2443.879023210944
Missing values globally replaced with mean/mode

Cluster centroids:
                         Cluster#
Attribute    Full Data          0          1          2          3          4          5          6          7          8          9         10         11         12         13         14         15         16         17         18
                (6839)       (88)       (27)      (177)      (688)      (421)       (25)     (3829)       (92)       (80)       (55)       (44)       (67)      (149)       (53)       (25)       (54)      (637)       (50)      (278)
=======================================================================================================================================================================================================================================
t0              -7.432    -2.9625   -14.0732    -6.9207     0.8237    -3.4292   -10.8307    -9.8288    -9.8537   -11.0037   -19.9384    -3.0115    -6.0673    -7.1856     -7.426    -5.7717   -19.6885    -0.9563   -16.5805    -9.5221
t1             -7.3865    -3.1067    -9.8369    -6.7691     0.8638    -3.3665    -23.124    -9.7859   -10.1893    -7.3057   -17.8455    -7.3366    -6.1141    -7.2075    -7.9917    -1.8086   -16.5857    -0.9252   -20.5672    -9.4103
t2             -7.3269    -3.4036    -5.3793    -6.6497     0.8715    -3.3409   -20.0615    -9.7201   -12.7525    -6.7109   -12.8205   -12.4676   -10.9915    -7.2816    -9.2333    -0.9884    -11.975    -0.8491   -18.6625    -9.1383
t3             -7.2858    -3.8291    -2.0841    -6.5282     0.8644     -3.334   -15.6596      -9.78   -12.7049    -5.9647    -7.0651   -17.1176   -13.8996    -7.2515    -9.1546    -2.6414    -6.3777    -0.8447   -16.3374    -9.2842
t4             -7.3078    -3.6127    -0.4966    -6.3794      0.879    -3.3445   -13.2927    -9.7456    -13.131    -9.5028    -4.2077   -22.6764    -19.204    -7.2415    -9.3988    -6.3057    -2.8102    -0.8886   -10.3442    -9.3957
t5             -7.3363    -3.3518    -0.7486    -6.2767     0.8783    -3.3293    -8.1217    -9.8218   -11.9422   -13.9086    -4.6167   -16.6835   -18.2355    -7.2138   -11.5579   -12.5541    -4.0823    -0.9431    -4.6909     -9.572
t6             -7.2605    -2.9553    -1.7598    -6.1747     0.8802    -3.3259    -3.1605     -9.746    -8.9268    -16.601    -9.5938   -13.4528   -15.8489    -7.2276    -9.0232   -16.8379    -5.1341    -1.0302     -1.792    -9.8321
t7             -7.3066    -2.2749    -3.4166    -6.1746     0.8905     -3.371    -1.1046    -9.8175     -7.355   -18.3158    -9.5924    -7.5048   -11.2257    -7.2765   -10.9925   -23.1658   -11.0851    -1.0733    -4.3308    -9.5764
t8             -7.2615    -1.5145    -9.2286    -6.2073     0.8926    -3.4222    -0.2129    -9.7518    -7.8342   -14.4113   -14.7073    -2.5528    -6.0764    -7.2118   -10.1321   -16.6702   -19.7207    -1.1571    -5.5318    -9.7111
t9             -7.3809    -0.9741   -17.5835    -6.2055     0.8749    -3.4898    -2.3233    -9.8592    -8.8471   -12.4843    -14.486    -2.8606    -3.0458    -7.1744   -10.8796   -14.0618   -20.1499    -1.2371   -14.1687    -9.4298
t10            -7.3635    -0.4942   -23.5903    -6.4009     0.8862    -3.5672    -6.8136    -9.8505    -8.7104    -8.2989   -12.1664     -6.052     -4.179    -7.0605    -9.9112    -8.2054   -18.8084    -1.3126   -16.6087    -9.4266
t11            -7.4742     0.0088   -26.3005    -6.5399     0.9094    -3.6139    -14.485    -9.8668    -9.3023    -7.0846   -10.6431   -14.7097    -7.6448    -6.9847    -9.1665     -3.222   -15.2937     -1.326   -21.9408    -9.6018
t12            -7.3684     0.5714   -18.9152    -6.5415     0.9537    -3.6313   -14.8126    -9.7647   -10.4586    -4.7364     -9.565   -17.5609   -12.7881    -6.9276   -11.0801    -0.2751    -9.7683    -1.3496   -19.3621    -9.5816
t13            -7.3978     0.9549   -12.8167    -6.6447     0.9411    -3.6847   -26.2816    -9.7754   -10.6627    -7.1162    -9.0653   -20.1287   -16.7297    -6.6586   -11.2559    -0.1447    -4.6449    -1.3698   -15.4577    -9.4278
t14            -7.3331     1.0029    -8.1828    -6.7072     0.9351    -3.7387    -18.257     -9.809    -9.6276    -8.6872   -11.1498   -16.3839   -20.4735     -6.602    -8.4181    -1.9931    -2.5323    -1.3951    -8.7476     -9.556
t15            -7.2323     1.0843    -3.5256    -6.6412     0.9108    -3.7949   -16.2036    -9.6777    -10.461   -10.6801   -13.0765   -13.6731    -16.592    -6.6308    -8.6152    -7.8395    -4.2344    -1.4189    -3.4105    -9.5733
t16             -7.269     1.2091    -1.0493    -6.4529     0.8871    -3.7962   -10.7054    -9.7143   -11.3108   -12.8182   -13.1539    -8.4627   -13.5918    -6.6977    -8.9919   -17.3635    -8.3796    -1.4137    -2.0501    -9.9291
t17            -7.2852      0.907    -0.6376    -6.2979     0.8736    -3.8188    -5.1306    -9.7296   -10.8977   -15.9559   -16.9902    -4.7334    -7.5213    -6.6249    -7.8133   -20.9399   -14.4982    -1.3737    -3.4137    -9.7201
t18            -7.2846     0.3813    -0.5809    -6.1038     0.8601    -3.8443    -1.7564    -9.7208   -10.3869   -18.2864   -14.4466         -2    -4.4051    -6.9124    -7.0315   -20.0438   -18.3664    -1.3388    -9.0595     -9.598
t19            -7.3427    -0.2379    -1.5277     -5.923     0.8758    -3.8502    -0.2089    -9.7674   -10.7183   -15.3304   -12.8128     -7.173    -3.5284     -7.132    -8.5684   -13.7198   -20.5541    -1.2874   -15.2871    -9.5678
t20            -7.3756    -0.9284    -4.2694    -5.8785     0.8928    -3.8304    -1.0841    -9.8035   -10.7286   -12.6803    -8.4474   -11.9665    -4.4266    -7.4278   -10.0699   -12.0035    -18.328    -1.2221   -20.9323    -9.3399
t21            -7.2957    -1.8155    -9.5905     -5.821     0.8865    -3.7786     -6.001    -9.7582    -9.7869    -7.6877    -4.7108    -18.418    -8.6497    -7.5018   -11.5521    -5.5579   -12.4702    -1.1504   -20.4292    -8.9571
t22            -7.3496     -2.539    -19.524    -5.8416     0.9205    -3.6841    -9.5899    -9.8109    -9.9574    -5.5784    -1.8933    -22.216   -16.0013     -7.529   -11.6842    -1.5337    -6.5992    -1.0434   -18.2889    -9.0824
t23            -7.3499    -3.3709   -24.7709    -5.8637     0.9471    -3.6261    -15.958    -9.8016   -10.2229    -6.1529    -2.2202   -17.4106    -19.605    -7.5941     -12.83    -0.9359     -2.407    -0.9718   -12.2574    -9.4494
t24            -7.3477    -3.9484    -27.545    -5.9843     0.9441    -3.5313   -21.5266     -9.734    -8.3022    -8.8833    -8.9742    -15.266   -19.6097    -7.6196   -14.2053    -2.1207    -1.3465     -0.896    -6.1317    -9.3854
t25            -7.3234    -4.2652   -19.3215    -6.1787     0.9287    -3.4343   -20.9765    -9.7596    -6.9654   -12.9918   -12.6668    -8.1248    -18.111    -7.6111   -11.0488    -4.5324    -4.9128    -0.8335    -1.5585    -9.8507
t26            -7.3691    -4.4378   -12.1343    -6.2962     0.9193    -3.3547   -16.0109    -9.7793     -7.527   -15.6712    -22.846    -3.4629   -11.3001    -7.5818   -10.7033   -11.2796    -8.7717    -0.8043     -1.215   -10.0776
t27            -7.3606    -4.2312    -6.1861    -6.5158      0.926    -3.3063   -13.5053    -9.7783     -7.608   -15.3502   -21.8362    -1.4556    -5.4772      -7.39    -7.5648   -17.3173   -19.5829    -0.8097    -5.7989    -9.9079
t28            -7.3714    -4.1177    -2.9468    -6.7642     0.8744      -3.27    -7.7392    -9.8484   -10.8243   -12.4767   -18.7904    -5.8217    -1.7856    -7.0578    -6.5777   -20.8996   -19.0787    -0.8701    -9.2749    -9.7904
t29            -7.3756     -3.777    -0.6662    -6.9572     0.8513    -3.2443    -3.3901    -9.8614   -12.1462    -9.4009   -12.8539   -13.2353    -1.8792    -6.8397    -5.4076   -16.5901   -21.5673    -0.9113    -18.161    -9.2703
t30            -7.3606     -3.212    -0.3499    -7.1739     0.8594    -3.2452    -0.5479    -9.8673   -15.2552    -7.3564    -7.2473    -15.839     -6.803    -6.5798     -5.029   -14.6338   -16.8056    -0.9426   -20.1248    -9.1228
t31            -7.3609    -2.5394      -0.49     -7.364     0.8564    -3.2552    -0.3184    -9.8283    -14.615    -6.8423    -2.6507   -20.2464   -14.0795    -6.3642   -10.2921    -9.6905   -11.5955    -0.9763   -20.6859    -8.9534
t32            -7.2997    -1.6879    -1.2964     -7.617     0.8764    -3.3175    -2.1237    -9.8495   -11.3348    -9.0537    -1.4545   -18.2822   -20.2331    -6.0836      -9.03    -5.2129    -5.4947    -1.0424   -17.1574     -8.955
t33            -7.2858     -0.851      -4.38    -7.7645     0.8709    -3.3881   -10.6895    -9.7327   -11.9391    -11.048    -9.2512   -15.1368   -19.0771    -5.8133   -11.9157    -2.2654    -1.8582    -1.1479   -11.1715    -9.0621
t34            -7.3016    -0.0194   -11.9914    -7.8707     0.8588    -3.4701   -13.6991    -9.7334    -9.5526   -13.2961    -9.5828    -9.1446   -20.0285    -5.7937   -14.7439    -2.0475    -2.1777    -1.2146    -4.7809    -9.6952
t35            -7.2844     0.9601   -19.7434    -7.9283     0.8201    -3.5568   -18.0979    -9.7086    -6.4586   -14.2167   -15.3215    -4.7892    -13.647    -5.8482   -16.5102    -2.9838    -5.8199    -1.3005    -2.0066    -9.5069
t36            -7.3519     1.7945   -29.2701    -7.9599       0.78      -3.65   -19.8214    -9.7542    -5.1112   -17.0057    -14.886    -2.4461    -7.7457    -5.9973   -12.8757    -6.3239    -13.254    -1.3907    -1.8583    -9.6739
t37            -7.4153      2.307   -24.0175    -7.7548      0.778    -3.7046   -22.2938     -9.812     -5.241   -15.3748   -13.8002    -3.3104    -3.4994    -6.1626   -10.2677   -12.9936   -20.9804     -1.444    -6.5072    -9.8077
t38            -7.3924     2.6622   -18.5332    -7.5629     0.7513    -3.7734   -15.7774    -9.7656    -6.6356   -12.9272   -12.7152   -11.1931    -2.3689    -6.2629    -7.5993    -19.065   -21.9676    -1.5082   -11.3905    -9.2392
t39            -7.4026      2.771   -11.1292    -7.1519     0.7428    -3.7977   -10.9829    -9.8454    -7.5611    -8.1268   -12.1237   -15.6859    -3.5561    -6.1784    -5.1305   -18.2062    -19.158    -1.5202   -20.6594    -9.4209
t40            -7.2591     2.4795    -5.8147    -6.6615     0.7456    -3.7909    -5.7555    -9.6888   -10.1041    -4.6038    -9.5671   -21.5791    -8.4892    -6.5444    -3.7356   -15.9627   -13.8348     -1.453    -22.038    -9.0404
t41            -7.2379     1.6943    -1.8694    -6.1459     0.7383    -3.7653     -1.595    -9.7416   -14.8921    -2.1728    -6.8827   -19.8867   -15.1692    -6.8695    -3.3666   -13.5393    -6.7991    -1.3656   -20.2948    -8.9464
t42            -7.2797     0.5436    -0.4686    -5.6298     0.7468     -3.738    -0.1514     -9.754   -15.8872    -4.3181    -9.7727   -15.7183   -20.4728    -7.3147    -8.7895    -7.9568    -1.9018    -1.2782   -14.5688    -9.3692
t43            -7.2414     -0.938    -0.4423    -5.1295     0.7688    -3.7393     -0.123      -9.75   -16.8417    -7.9835   -11.7529    -9.0305    -21.058    -7.6163    -9.3019    -2.9906    -1.0135    -1.1472    -7.9424    -9.3983
t44            -7.2673    -2.2875    -0.7369    -4.6773     0.8153    -3.7123    -2.7119    -9.7385   -14.8066    -15.068   -15.3152    -3.8541    -18.605    -8.0647   -13.5508    -1.4976    -3.4244    -0.9928    -1.2085    -9.4703
t45             -7.363    -3.3485     -1.584    -4.3275     0.7899      -3.68    -8.8039    -9.7839   -10.2692   -21.9795   -16.0264    -1.7528   -13.0968    -8.3354    -18.573    -1.1281    -9.8815    -0.8858    -0.1407    -9.5859
t46            -7.3444     -4.123    -6.1394    -4.1122     0.7901    -3.6595   -18.3237    -9.7943    -7.1264   -21.3106   -13.1591    -2.9617    -5.8511    -8.8382   -16.2384    -2.0133   -14.5543    -0.8183    -3.2606    -9.7466
t47            -7.3681       -4.6   -13.3988    -4.0653      0.774    -3.6559   -21.7034    -9.7873    -4.6857   -16.8391   -11.0394   -11.0985    -0.6462    -9.0765   -12.7814    -7.7634   -18.7934    -0.7548    -8.9633    -10.053
t48            -7.4407    -4.6322   -19.7743    -4.3383     0.7627     -3.641   -18.6135    -9.9088    -3.8571   -11.4519    -6.1421   -14.1861    -0.6071    -9.0202     -10.28   -17.2531   -22.4611    -0.7336   -16.0396    -9.6672
t49            -7.4756    -4.5142   -25.6961    -4.7565     0.7185    -3.6043   -17.9008    -9.9353    -4.5418    -5.8625    -2.7784   -20.4741    -4.9578    -8.8912    -6.5856   -19.3541   -18.4213    -0.7548   -19.9412    -9.9888
t50             -7.452    -4.4965   -24.8425    -5.1858     0.7305    -3.5335   -15.7058    -9.9026    -6.1212    -3.3969    -2.3365   -19.4022   -14.1935    -8.5739    -3.8277   -19.3102   -13.6876    -0.7835   -21.1481    -9.5624
t51            -7.3791    -4.3826   -18.3168    -5.6942     0.7484    -3.4626    -9.6217    -9.8012    -9.7986    -2.9922    -8.9189   -17.0526    -18.699    -8.1825     -2.355   -17.7398    -6.3316      -0.78    -18.328    -9.6699
t52            -7.2864    -3.8799    -10.628    -6.3284     0.7466    -3.3895    -3.8627    -9.6929   -12.4366    -5.8467   -17.3948   -11.2922   -20.5774    -7.7112    -3.9469   -11.4499    -1.5306     -0.765   -13.1601    -9.5076
t53            -7.2284    -3.5076     -5.257    -6.9061     0.7661    -3.3373    -0.6829    -9.6391   -16.4078    -8.7914   -21.1831    -5.7529   -20.9186    -7.0872     -4.366    -6.7833    -1.4952    -0.8081    -5.7788    -9.2973
t54            -7.1883    -3.1155    -1.4277    -7.3381      0.754     -3.317     0.3299    -9.5686   -16.9499   -13.9275   -22.8547    -2.0468   -14.8814    -6.4544   -11.2011    -1.8657    -4.5668     -0.826    -1.8761    -9.1923
t55             -7.235    -2.8081    -0.2205    -7.7817     0.7659    -3.3216    -0.5202    -9.6462   -14.9757   -17.8241   -16.5772    -1.5514    -8.6655    -5.7446    -16.211    -0.6369   -11.9107     -0.889    -2.2654    -9.3946
t56            -7.3142     -1.968    -0.2473    -8.2623     0.7697    -3.3591    -4.5215    -9.7279    -12.693   -17.6779   -11.5594    -9.7492     -2.572    -5.2686   -19.8091    -0.7841   -19.9603    -0.9964     -3.129    -9.3211
t57            -7.3356     -0.713    -0.7822    -8.5249     0.7776    -3.4304     -9.768    -9.7884    -8.3044   -15.9373    -5.8161   -12.2381     -1.404    -4.8416   -17.6631     -3.037   -22.2322    -1.0994   -12.5609    -9.6696
t58            -7.4448     0.6515    -2.0854    -8.7831     0.7835    -3.5125   -16.7802    -9.8426    -5.6442   -12.8294    -2.7015   -21.9251    -3.9914    -4.6447   -14.3654   -11.6525    -21.363    -1.1918   -19.7422    -9.8691
t59            -7.3564     1.9357    -7.5735    -8.9142     0.7727     -3.579   -24.0101    -9.8612    -3.0027    -8.4972    -0.6186    -19.377     -6.702      -4.62   -10.9284   -14.5378    -15.313    -1.2678   -22.0198    -9.7344
t60            -7.4007      2.789   -13.8221    -8.9083     0.7621    -3.6228   -18.9734    -9.9151     -3.246    -5.3573    -5.2291   -17.4069    -14.594     -4.687    -6.6966   -19.7348    -8.3395    -1.3649   -22.4271    -9.7926
t61            -7.3414     3.4612   -22.8624    -8.7851     0.7442    -3.6615   -18.5426    -9.8333    -5.8815    -4.5965     -8.575   -11.2671   -21.1255    -4.9149    -3.3649   -17.7348      -1.97    -1.4439   -17.1687    -9.5864
t62             -7.355     3.7552   -23.8573    -8.5506     0.7673    -3.6853   -12.2779    -9.8782   -11.4473    -5.7443   -15.1662    -5.8469   -21.2797    -5.1685    -1.8316   -16.7073    -0.3659    -1.4164    -9.5878    -9.3645
t63            -7.2981     3.4096   -23.3907    -8.1702      0.761     -3.673    -6.6486    -9.7975    -13.366   -12.2295   -16.2008    -2.4821   -19.2128    -5.5677    -1.9715   -11.2565    -3.0692    -1.4064    -2.0009    -9.2014
t64            -7.3368      2.354   -17.8909    -7.6377     0.7563    -3.6537    -2.2935    -9.7808   -15.8842   -18.5924   -17.3066    -1.4109   -14.2368    -5.8436    -4.5658    -5.4488    -7.1635    -1.3706     0.4146    -9.4182
t65            -7.2966     0.9808   -10.4849    -7.0634     0.7782    -3.6394    -0.6324     -9.705   -15.3938   -17.3204   -18.8333    -9.5105    -6.4405    -6.2507     -7.981     -1.827   -13.1608    -1.2606    -2.3157     -9.225
t66            -7.3131    -0.5775    -4.7534    -6.4253     0.7696    -3.6288    -0.2747    -9.6927   -12.7697   -15.6996    -14.777   -15.2023    -0.8956    -6.7789   -15.7609    -2.1032   -20.2146    -1.1243    -6.2794    -9.3062
t67            -7.3224    -2.1355     -1.545    -5.7006     0.8102    -3.6298    -1.5398    -9.7161   -10.1033   -10.5249     -9.688    -19.914    -1.0585    -7.4452   -20.0323    -1.9647   -21.2156    -1.0134   -14.0447    -9.5751
t68            -7.3261    -3.2255    -0.7955    -5.0195     0.8208    -3.6259    -7.4722    -9.7529    -8.0977    -5.8794    -4.3611    -19.503    -4.2686    -8.1036   -20.9348    -5.7868    -19.723    -0.8974   -20.3038    -9.7267
t69            -7.4195    -3.9629    -0.9839    -4.3718     0.8217    -3.6114   -18.0609    -9.8602    -7.2983    -3.0907    -4.0432   -18.7712   -13.4731    -8.7062   -16.1753   -12.5162   -15.5418    -0.7927   -20.5247    -9.7976
t70            -7.3547    -4.4539    -1.6101    -3.9682     0.8438    -3.6204   -18.2464    -9.8014    -5.9576    -4.1193    -7.8298   -12.2248   -19.7948    -9.1743   -12.1638   -16.7366    -8.1757    -0.7372   -19.9627    -9.7838
t71            -7.3356    -4.6151    -3.6344    -3.7517     0.8595    -3.5926   -19.4108    -9.8569     -5.287    -8.5279   -14.7558    -6.7012   -20.3651    -9.4243     -6.316   -17.1132    -2.1384    -0.7006   -15.5146      -9.74
t72            -7.2659     -4.609    -8.3159    -3.7766     0.8709    -3.5791   -19.6342    -9.7848    -6.9871   -13.0122   -15.9226    -1.9642   -20.6468     -9.615    -1.7681   -16.5009    -1.3417    -0.6868    -8.1437    -9.5077
t73            -7.2723    -4.5279   -14.7957    -3.9376     0.8614    -3.5619   -16.3112    -9.7543     -9.892   -18.3431   -15.0256    -1.8888   -15.2849    -9.5559     -0.989   -14.6875    -3.7071     -0.705    -2.6313    -9.4996
t74            -7.3876    -4.4314   -20.3827     -4.217     0.8628    -3.5417   -10.3088    -9.7469   -17.5815   -20.0204   -11.5119    -8.3006    -9.4214    -9.3678    -1.3921   -10.5857    -9.9378    -0.7718    -2.5262    -9.4367
t75            -7.2638    -4.1644    -21.001    -4.6476     0.8641    -3.5234     -2.789    -9.6883   -15.4181   -17.7957    -7.0153   -13.2669    -3.0088    -9.0135    -2.8609    -5.9192   -17.1826    -0.8346    -2.7936     -9.391
t76             -7.366    -3.8083   -23.5277     -5.141     0.8599    -3.4884     -0.416    -9.7739   -12.9972    -14.089    -4.4684   -21.0545    -1.0406    -8.5185    -7.3231    -1.9325   -21.9706    -0.9215   -10.0526    -9.4879
t77            -7.3745    -3.4796   -20.5168    -5.7463     0.8572    -3.4851     0.1497    -9.7677   -11.6985    -9.2239    -4.1879   -19.0638    -3.2609    -7.9213   -15.5502    -0.0763   -22.1585    -0.9925   -15.8295    -9.1891
t78            -7.3676     -3.039   -14.3288    -6.2677     0.8598    -3.4762    -0.5944    -9.7805    -8.1257    -4.2414    -10.375   -17.6078    -8.0057    -7.2391   -18.0348    -1.0357   -16.7715    -1.0523   -21.7591    -9.3317
t79            -7.4086    -2.1599    -8.5475    -6.9175     0.8734    -3.5138    -3.2367    -9.8993    -4.7611    -2.3427   -14.9237   -12.3984    -12.592    -6.5448   -21.3346    -5.5961   -10.7293    -1.1331   -22.4707    -9.5414
t80            -7.4081    -1.1956     -4.572    -7.6509     0.8895      -3.53   -17.0968     -9.817    -3.7491    -2.3907   -20.1672    -7.5166   -20.9337    -5.9085   -17.2141   -12.2299    -3.2788     -1.228   -19.2543   -10.0408
t81            -7.3362     0.1193     -2.652    -8.1053     0.8544     -3.549   -18.7022     -9.884    -4.8697    -5.4573   -18.3047    -3.1293   -20.8672     -5.466   -12.6527   -15.3899    -0.7985    -1.2623   -12.2588    -9.7128
t82            -7.3351     1.5376    -1.0179    -8.4171     0.8329    -3.5901   -25.3084    -9.8134    -8.8604   -12.4825   -16.3816    -1.9141   -19.1403    -5.1512    -7.5491   -17.5037    -2.6231    -1.3183    -3.9247    -9.9721
t83            -7.3088     2.6924    -0.2176    -8.6916     0.8458    -3.6571   -19.2664    -9.7929   -12.2824   -18.2002   -12.7636    -5.8582    -14.611    -4.9452    -3.5488   -20.6505    -6.7973    -1.3457     0.9997    -9.3564
t84            -7.3112     3.1999     -0.959    -8.8181     0.7848    -3.6767   -15.1812    -9.7167   -14.2571   -23.0312    -8.2536   -11.9563    -7.7784    -4.8036    -2.0367   -19.7434   -10.6775     -1.395    -1.7462    -9.2739
t85            -7.2766     3.1269    -3.5279    -8.7393     0.7674    -3.6599   -11.4358    -9.6931   -15.1799   -21.0032    -4.3043   -16.9796    -2.0519    -4.6998    -1.8213    -9.6026   -18.0476    -1.4291    -5.3511     -9.339
t86            -7.2928     2.7755   -11.9221    -8.5709     0.7774    -3.6291    -5.6202    -9.6797   -16.5259   -15.9777    -1.2968   -23.1537    -0.9922    -4.8163    -2.9797    -3.2073    -21.015    -1.3929   -12.1516    -9.1493
t87             -7.234      2.116   -17.4942     -8.321     0.8061    -3.6189    -2.3861    -9.6021   -15.2401    -8.0431    -2.6509   -19.0491    -5.1089    -5.0142    -8.3038    -0.3571   -20.0217    -1.2817   -18.4037     -9.113
t88            -7.2844     1.0873   -22.0295    -7.8834     0.8109    -3.5866    -0.9078    -9.6872   -11.9113    -2.9447     -7.381    -13.967   -10.4164    -5.2778   -15.0137     0.2061   -16.2941    -1.2398    -20.989    -9.0296
t89            -7.3193    -0.1412   -24.4016    -7.4861     0.8397    -3.5467    -0.8276    -9.7531    -7.4418    -1.4353   -14.4397    -7.4637   -17.5478    -5.6256   -17.7709    -1.7702   -10.5047    -1.1614   -18.6353    -9.4206
t90            -7.2949    -1.3621   -19.3698    -7.0188     0.8853    -3.5347    -2.4093    -9.7779    -3.7885    -3.5767   -19.5706    -3.5491   -20.6531    -6.2727   -16.6513    -8.4693    -3.3314    -1.0545   -16.0935    -9.6764
t91            -7.3602    -2.3069   -13.1941    -6.5965     0.8754    -3.5168    -9.5612    -9.9228     -1.672    -8.6319   -21.1213    -1.8431   -19.6064    -6.7863   -17.1605   -14.8134     -1.205    -0.9455   -10.0675    -9.4795
t92            -7.3518    -2.9661    -8.4248    -6.1357     0.8766    -3.5247    -13.068    -9.8825    -2.2465   -12.6782   -19.4838    -8.3903   -15.9747     -7.398   -13.6361   -17.7721    -3.1963    -0.8985    -3.8171    -9.7828
t93            -7.3573    -3.6334    -4.1571    -5.7039     0.8866    -3.5148   -19.2088     -9.832    -5.3226   -18.1702   -13.8668   -11.3369   -10.2877    -7.9213    -8.4972   -16.8521    -8.8589    -0.8817    -2.6493    -9.9274
t94            -7.3711    -4.1113    -1.5437    -5.4091     0.8951    -3.5493   -21.3181    -9.8034   -10.5909   -17.1291    -7.7307   -19.1278    -4.3952    -8.3575    -4.4396   -18.4772   -14.7917    -0.9015    -3.5802    -9.7151
t95             -7.401    -4.2074    -0.6098    -5.1239     0.8919     -3.573   -19.8517    -9.8016   -16.8948   -14.8189    -2.8301   -18.0114    -1.8519    -8.7003    -2.8224   -13.2352   -21.7055    -0.8747    -7.0413    -9.8359
t96            -7.3853    -4.4787    -0.2204    -4.8885     0.8625    -3.5788   -14.2724    -9.7442   -18.9623   -12.2171    -3.1555   -17.6035    -4.4296     -8.876    -2.1236    -7.0813    -21.682    -0.8827    -12.914     -9.728
t97            -7.3645    -4.4347    -1.3388    -4.7252     0.8712    -3.5938      -9.12    -9.7781   -17.8549    -8.6947    -7.1652   -13.2815    -6.9668    -8.9482    -3.1597    -2.1934   -18.2488    -0.9349   -18.4434     -9.637
t98             -7.383    -4.3251    -6.0073    -4.7619     0.8752    -3.5637    -5.0567    -9.7569   -15.2626    -7.0269    -9.9922     -9.107   -14.0389    -8.7842      -8.67    -0.8974   -12.3284    -0.9969   -22.6172    -9.5074
t99            -7.3515    -4.1195   -10.8864     -4.907     0.8676    -3.5495    -2.4825    -9.8113   -10.6407    -6.2804   -15.2059     -4.566   -16.8508    -8.5886   -12.2714    -1.1235     -5.165    -1.0334   -20.9937    -9.4684
t100           -6.9889    -3.6663   -18.6516    -5.1478      0.852    -3.5092    -0.7507    -9.8314    -7.0374    -9.4215   -15.1077    -4.2203   -20.1698     -8.335   -17.1223    -3.6718    -1.6447    -1.0726   -14.4608          0
t101           -6.9167    -2.9765   -23.7395    -5.4811     0.8398    -3.5161    -0.6973    -9.8319    -4.1424    -9.4541   -14.7672    -3.7184   -18.3655    -7.8896    -17.302    -9.8366    -2.6451    -1.1425    -6.2261          0
t102           -6.9554    -2.0382   -24.7519    -5.8414     0.8262    -3.5067    -3.5144    -9.7722    -2.7861   -15.7682   -10.4095   -11.9605   -14.6136    -7.4405   -19.4773   -17.2883    -5.8926    -1.2436     0.1253          0
t103            -6.918    -1.0495   -19.8124    -6.2172     0.7963    -3.5361   -12.8703    -9.7312    -2.9457   -17.8185    -9.2108   -15.4168    -7.9761    -6.9806   -13.3476   -19.2455    -9.5008    -1.3373    -1.0396          0
t104             -6.94     0.2042   -12.8249      -6.59     0.7747    -3.5583   -15.6746    -9.7382    -5.3543   -16.8663     -8.594   -21.1379    -3.0843     -6.617    -8.0121   -17.7331   -17.0497     -1.419    -3.8685          0
t105           -6.8955     1.0399    -6.9247    -7.0159     0.7631    -3.5803   -19.0536    -9.7018    -8.1354   -12.8647     -8.607   -17.7886    -2.8637    -6.2982    -4.4883   -15.4561   -18.7032    -1.4787    -9.4799          0
t106           -7.0179     1.6133    -3.1772    -7.2824     0.7194    -3.6089   -20.8451    -9.7739   -12.5132    -7.2508   -12.4067   -15.8465     -6.092    -6.0347    -2.1087   -11.5739    -22.009    -1.5081   -16.4901          0
t107           -6.9724     1.9171    -1.3247    -7.3862     0.7228    -3.6385   -17.5101    -9.7206   -17.0889    -3.2179   -14.2549    -9.1176   -10.8557    -5.9294    -1.8277     -6.034   -16.8424    -1.5008    -21.577          0
t108           -6.9844     1.9632    -0.3142    -7.4753     0.7249    -3.6452   -12.3842    -9.7841   -17.9231    -3.2178   -16.8617    -4.7922   -15.5944    -5.8954    -4.0142    -2.0733   -11.5828    -1.4455   -20.4022          0
t109           -6.9602     1.7134    -0.6501    -7.4735     0.7678     -3.665    -8.0713     -9.831   -16.9199    -7.7214   -13.6613    -2.3127    -18.667    -5.7586    -8.3366    -0.7755    -4.7522    -1.3633   -16.5864          0
t110           -6.9628     1.2283    -3.6004     -7.425     0.7829    -3.6441    -3.7949     -9.834   -13.0047   -11.1982   -13.3687     -6.765   -19.8088    -5.8251   -12.9704    -2.0226    -2.4181    -1.2615   -11.5528          0
t111           -6.8967     0.6142    -6.7087     -7.322     0.8049    -3.6105    -1.3618    -9.8385    -8.1163    -15.003     -8.271   -10.4072   -15.3573     -6.065   -17.7382    -6.2975    -3.7466    -1.1568    -4.8521          0
t112           -6.9451    -0.1521     -10.49    -7.1842     0.7846    -3.6116    -0.7691    -9.8124    -5.0275   -19.9339    -5.3452   -15.0628   -11.0594    -6.1424   -19.1959   -12.7156    -8.7528    -1.1008    -3.5775          0
t113           -6.9233    -0.9286   -18.9396    -7.0605     0.8153    -3.6009    -2.2413    -9.7802    -4.6811   -16.5544     -2.756   -19.7744    -5.6857    -6.3011   -17.8457   -15.6879    -13.493    -1.0333    -4.5018          0
t114           -6.9097    -1.5139   -22.5456    -6.9193     0.8504    -3.5681    -4.6495    -9.7432    -5.5217   -14.6985    -3.4243   -16.9134    -3.0898    -6.5364   -12.3284   -17.6333   -21.3456    -0.9679    -5.7543          0
t115            -6.941    -2.1459   -24.1607    -6.7308     0.8601     -3.542   -13.3505    -9.6992    -7.7719    -9.8389    -7.4147   -14.9144    -5.1517    -6.6805    -7.8784    -18.451   -19.3688    -0.9298   -12.8318          0
t116           -6.9481    -2.7086   -18.7941    -6.6406     0.8786    -3.5566   -17.9986    -9.6982    -9.1289    -6.1952   -13.8088   -10.4119    -8.0742    -6.8121    -4.7981   -15.9448   -18.4714     -0.959   -14.9879          0
t117           -7.0148    -3.1492   -12.3505    -6.5519     0.8718      -3.56   -19.7799    -9.7225   -10.5423    -4.1613   -23.1957    -6.2397   -12.8697    -7.1564    -3.3158    -9.9316   -13.4427    -0.9394   -21.0694          0
t118           -6.9446     -3.677    -6.8587    -6.3808     0.8804    -3.5854   -18.5294    -9.7452   -10.9207     -4.356   -20.4396    -3.9242   -16.2874    -7.4256    -3.2024    -5.2705    -7.1568    -0.9152   -21.1232          0
t119           -6.9606    -3.9569    -3.2281    -6.1675      0.872    -3.5574   -19.0832    -9.7512   -13.1006    -8.1679    -19.973    -3.9289   -16.7198    -7.6374    -6.7485    -1.5637     -2.546    -0.9039   -17.3275          0
t120           -6.8986     -3.974    -1.3539    -6.0578     0.8695    -3.5202   -11.2181    -9.8043   -12.8461    -9.5133   -12.8757   -11.0342   -16.8032    -7.7233    -7.1574    -1.1507    -2.8911    -0.9222    -9.0182          0
t121           -6.9346     -3.749    -0.5246    -6.0749     0.8514    -3.5017    -6.3442    -9.8727   -13.1311   -14.2201    -7.4996   -13.5841   -14.3029    -7.7592   -11.9389    -2.6759    -5.3345    -0.9503    -1.8714          0
t122           -6.9732     -3.464    -1.0862    -6.0911     0.8292    -3.5191    -3.4877    -9.9163   -11.3671   -17.6267    -3.3419   -19.3245    -9.1386    -7.6812    -13.578    -5.9641    -9.3402    -0.9558    -1.6123          0
t123           -6.9735    -2.9746     -2.327    -6.1649     0.8295    -3.5239    -1.6315    -9.8174    -9.0093   -19.2652    -2.8134   -18.8039    -5.8813    -7.5015   -17.5127   -15.4215   -14.4873    -0.9722    -3.0447          0
t124           -6.9666    -2.5717    -6.8353    -6.4339     0.8154    -3.5201    -2.0845    -9.7845    -7.0088   -16.4537    -4.5377   -15.4555    -5.9574    -7.3579   -15.3132   -16.3959   -18.0042    -1.0418    -8.2597          0




Time taken to build model (full training data) : 19.12 seconds

=== Model and evaluation on training set ===

Clustered Instances

 0        88 (  1%)
 1        27 (  0%)
 2       177 (  3%)
 3       688 ( 10%)
 4       421 (  6%)
 5        25 (  0%)
 6      3829 ( 56%)
 7        92 (  1%)
 8        80 (  1%)
 9        55 (  1%)
10        44 (  1%)
11        67 (  1%)
12       149 (  2%)
13        53 (  1%)
14        25 (  0%)
15        54 (  1%)
16       637 (  9%)
17        50 (  1%)
18       278 (  4%)


Class attribute: c
Classes to Clusters:

   0   1   2   3   4   5   6   7   8   9  10  11  12  13  14  15  16  17  18  <-- assigned to cluster
   0   0   0   0 360   0   0   0   0   0   0   0   0   0   0   0   0   0   0 | 0
   0   0   0   0   0   0 360   0   0   0   0   0   0   0   0   0   0   0   0 | 1
   0   0   0  60   0   0   0   0   0   0   0   0   0   0   0   0 300   0   0 | 2
   0   0   0 360   0   0   0   0   0   0   0   0   0   0   0   0   0   0   0 | 3
   0   0   0   0   0   0 240   0   0   0   0   0   0   0   0   0   0   0 120 | 4
   0   0   0   0   0   0 240   0   0   0   0   0   0   0   0   0   0   0 120 | 5
   0   0   0   0   0   0 359   0   0   0   0   0   0   0   0   0   0   0   0 | 6
   0   0   0   0   0   0 360   0   0   0   0   0   0   0   0   0   0   0   0 | 7
   0   0   0   0   0   0 360   0   0   0   0   0   0   0   0   0   0   0   0 | 8
   0   0   0   0   0   0 360   0   0   0   0   0   0   0   0   0   0   0   0 | 9
   0   0   0   0   0   0 360   0   0   0   0   0   0   0   0   0   0   0   0 | 10
   0   0   0   0   0   0  32  13  63  42  44  63   0   0   0  54   0  49   0 | 11
   0   0   0   0   0   0 360   0   0   0   0   0   0   0   0   0   0   0   0 | 12
   0   0   0   0   0   0 360   0   0   0   0   0   0   0   0   0   0   0   0 | 13
  88   0   0  50  27   0   0   0   0   0   0   0   0   0   0   0 195   0   0 | 14
   0   0 177   0  34   0   0   0   0   0   0   0 149   0   0   0   0   0   0 | 15
   0   0   0 218   0   0   0   0   0   0   0   0   0   0   0   0 142   0   0 | 16
   0  27   0   0   0  25  86  75  15  13   0   2   0  53  25   0   0   1  38 | 17
   0   0   0   0   0   0 352   4   2   0   0   2   0   0   0   0   0   0   0 | 18

Cluster  0 <-- 14
Cluster  1 <-- No class
Cluster  2 <-- 15
Cluster  3 <-- 3
Cluster  4 <-- 0
Cluster  5 <-- No class
Cluster  6 <-- 1
Cluster  7 <-- 17
Cluster  8 <-- 11
Cluster  9 <-- No class
Cluster 10 <-- No class
Cluster 11 <-- 18
Cluster 12 <-- No class
Cluster 13 <-- No class
Cluster 14 <-- No class
Cluster 15 <-- No class
Cluster 16 <-- 2
Cluster 17 <-- No class
Cluster 18 <-- 4

Incorrectly clustered instances :	4934.0	 72.1451 %
